1 6 18 29 30 34 45 46 48 59 70 73 74 77 99
6 9 10 21 38 41 51 54 60 61 74
2 6 7 14 19 27 29 31 35 37 39 52 54 67 79 80 90 93 97
43 71
1 5 6 9 11 12 24 28 30 31 32 33 50 51 53 65 77 78 99
5 8 10 14 26 37 42 47 49 50 57 58 61 69 73 74 77 91 96 97
7 9 17 24 25 34 39 42 55 61 68 77 86 88 92 100
4 6 25 46 62 69 72 88
32 51 67 77
3 8 13 27 28 43 53 57 59 91 97
19 21 33 45 48 66 94
5 49 61 66 67
11 17 64 66 67 73 78
1 4 6 11 15 31 46 62 66 70 76 86 94 100
17 32 38 39 57 60 73
7 57 62
4 13 16 26 27 40 47 59 60 63 65 71 72 90 96 97
3 4 15 16 20 22 26 29 30 44 55 61 65 66 69 79 82 91 92
2 3 5 10 13 16 28 37 46 56 68 70 88 91 93
11 47 63 65 79 88 94
3 11 13 17 22 29 33 34 36 37 42 45 49 62 67 74 76 85 90 92
14 23 33 47 74
1 26 44 51 56 63 68 73 79
10 15 18 32 34 44 46 48 51 54 94 95 98
5 14 35 43 61 72 74 95 100
9 14 18 21 26 36 37 38 48 55 60 62 65 70 73 83
63
39 63
12 13 31 38 40 43 44 47 48 51 55 59 64 70 75
43 64
2 3 9 13 33 59 63 65 69 71 74 76 80 83 96 100
1 15 22 31 34 38 46 50 53 54 60 68 72 80 89 90
2 4 9 13 15 16 27 29 37 45 50 58 59 60 61 62 74 83 87 93
65 69 85 86
23 33 36 41 55 58 61 64 70 79 85 93
13
11 29 43 44 70 76 89
8 61 66 73 86 100
2 9 11 14 15 17 25 31 51 52 62 63 71 86 92 100
3 7 32 50 59 60 65 68 74 79 80 94 95 98
6 18 48 49 52 58 70 80 82 84 87 93
23 33 34 42 56 72 73 74 80 86
2 5 11 15 19 21 31 36 49 50 55 57 60 67 68 75 85 98
2 21 23 25 30 31 33 37 41 59 62 63 65 66 87 90 93 94 98
7 26 35 64 70 79
2 29 30 47 72 85 97 99
20 22 23 30 34 41 52 53 55 60 71 82 87 90 92 95 96 97
4 25 28 30 35 38 41 56 58 60 63 68 79 81 82 84
4 11 22 35 43 46 47 70 72 92 93
2 6
3 39 46 90
11 15 20 27 33 39 40 47 59 64 69 80 84 85 93 96
8 17 29 32 36 57 66 69 75 76 81 85 86 92 94
5 8 11 15 17 20 22 32 64 65 66 68 85 92
1 7 40 45 48 55 73 80 94 95 99
2 9 17 20 30 39 60 65
2 15 40 44 64 82 85 91
2 20 21 38 40 57 65 83 91 92
1 19 22 27 35 41 47 49 53 58 60 61 62 69 71 73 86 93 95 100
10 18 20 21 33 34 48 51 57 74 76 77 79 84 87 90 91 95 97 100
5 8 11 16 34 37 39 40 58 61 70 71 77 84 95 98
14
10 11 12 20 51 55 58 59 60 63 64 67 74
3 13 14 28 32 48 59 62 68 71 78 89 95 96 99
9 21 35 39 58 69 90 95
7 14 17 18 21 40 48 59 70 75 76 85 86 97
15 18 27 32 37 67
1 23 27 31 37 41 42 43 45 48 50 57 68 82 85 87 89 90 92
6 12 18 19 37 39 45 59 77 78 84
44 47 54 66
1 14 35 81 87
5 9 38 41 56 63 74 77 79
8 15 44 45 62 69 82 100
1 2 6 8 12 15 16 18 34 38 41 66 67 71 78 79 82 85 87
14 21 23 39 45 52 53 54 63 69 70 75 79 81 85 86 98 100
6 19 31 37 39 42 46 53 66 69 79 92 95 98 100
32
3 18 27 48 52 57 58 63 69 73 78 79 80 81 88 92 95
6 10 24 39 40 60 63 65 68 70 74 99
19 29 91
7 13 16 17 24 26 28 35 47 49 50 53 58 61 85 88 93
1 5 8 34 35 53 54 66 67 72 80 83 87 91
12 31 38 54 56 65 66 75 78 95
25 64 86
8 14 19 20 43 64
8 10 13 15 23 24 36 38 44 45 59 63 64 65 66 77 81 84 97 100
67
4 13 14 27 28 29 34 36 40 42 47 51 56 62 68 72 77 79 89 93
7 8 12 19 20 25 70 83
32
31
17 27 47 48 53 57 62 70 78 87
2 3 27 36 41 44 46 60 61 76 86 90
2 3 41 42 43 44 59 60 62 64 73 79 85
3 18 19 35 38 56 58 59 60 62 67 68 70 73 74 82 84 92 96 99
11 15 19 25 28 36 43 44 45 74 79 84 86 92 96 98
48
11 12 20 32 38 39 41 46 49 57 58 59 63 71 73 79 86 88 98 99
4 7 14 20 25 52 53 66 68 70 78 86 89 90
14 35 38 39 44 53 58
22 63 94
9 11 20 21 26 28 44 50 59 67 77 78 82 83 84 88 91 99
1 8 12 13 14 17 24 28 30 39 46 52 57 59 82 85 88 91 92
46 47
3 5 10 14 21 23 26 34 39 46 53 68 70 81 82 83 84 89 94
6 13 21 47 59 69 74 78 99
2 3 23 40 48 49 67 79 87 89
6 7 14 54 56 57 58 67 72 81 90
4 8 12 16 23 25 33 35 47 49 50 51 54 60 70 79 81 89 94 100
21 22 23 28 38 45 47 52 65 66 79
2 25 59 60 63 71 74 78 82
4 9 28 47 88
4 8 9 20 28 32 38 40 44 48 70 82 90 91 97
4 13 16 18 31 44 53 59 63
2 5 29 99
10 12 36 39 52 54 60 63 66 76 78 84 95
2 10 14 15 19 20 27 29 30 45 49 53 67 71 79 82 96 100
2 3 5 10 15 23 38 39 43 45 54 67 82 86 94 95
1 6 8 15 22 23 34 42 44 46 49 50 51 61 64 78 79 86 97
5 12 19 33 41 86 98
40 47 55 68 92
6 26 27 28 65 68 70 80 97
8 23 45 77 96
13 20 31 47 62 68 80 87 89 93
4 28 30 33 35 36 48 58 68 69 87
9 10 19 26 32 51 55 60 86 90 91
34
1 3 4 6 13 16 20 28 30 38 44 46 56 65 68 71 75 77 88 96
11 26 31 32 37 53 71
6 21 34 46 51 63 69 71 73 77 90 93 97
18 19 43 58 61 66 69 74
8 15 20 22 34 36 38 50 56 65 76 77 81 87
51
2 14 16 19 28 34 59 72 86 92
8 10 18 29 38 41 58 64 90 91
51 90
3 31 65 87 97
4 7 10 15 18 21 46 47 49 53 60 62 71 73 81
4 14 20 22 25 32 36 45 56 72 79 80 82 83 93 94
8 11 33 36 42 58 61 77 90 97 98
17 27 35 42 48 50 59 63 76 79 88 89 93
2 3 5 12 14 20 25 41 64 73 87 88 100
22
81
5 10 11 14 16 18 23 32 46 53 56 57 79 83 89 91 96 97
45 95
10 15 42 70 84
13 21 24 33 65 67 88 92 96
3 9 30 39 41 46 51 60 65 76 78 94 99 100
15
19 49 63 83 84 85 87 89
6 20 61 74 86 92 97
11 14 22 35 36 41 46 50 58 61 68 69 74 75 77 78 83 90 94 95
72
34 61
13 30 36 40 41 49 51 64 69 81 82 89 99
1 2 3 10 17 18 26 36 39 44 46 51 53 55 60 65 81 90 97
9 15 19 23 46 47 58 61 70 74 82 85
18 66 78
3 13 14 16 45 57 60 66 73 77 96 97 100
65
7 28 32 33 45 46 48 49 54 61 62 64 72 78
30 32 42 50 60 66 78 87 93
1 4 10 25 41 48 49 51 65 68 74 75 76 80 100
1 2 7 12 20 82 84 88
2 9 11 19 32 33 51 52 53 55 56 61 62 82 95 97
5 27 29 33 35 44 47 52 73 86 91 94 100
6 11 34 42 43 55 59 72 75 79 80 84 86 89 99
7 26
29
9 67
45 55 67 73 88
3 7 10 12 13 15 24 27 28 31 33 44 55 58 59 60 69 87 99
17 23 39 47 49 62 65 88
2 30 48 49 74
5 65 91
11 14 21 34 36 46 55 62 72 76 78 96
11 13 44 46 69
4 13 23 56 64 77 96
5 7 11 14 22 23 27 32 33 42 55 62 67 86 93 95 97
17 23 28 37 47 48 49 59 80 82 85 88
10 22 26 42 43 49 51 53 56 62 64 68 69 79 91
18 30 52 72 92
4 7 10 15 21 28 37 44 48 51 56 57 61 64 71 82 85
11 20 25 31 39 45 49 57 59 81 83 93 97 98
3 5 10 11 13 29 32 48 60 61 76
9 25 34 36 37 99
4 7 13 14 17 22 26 29 32 38 45 55 56 59 68 69 70 76 81 99
2 4 7 28 52 73 74 77 82 85 87 89
1 13 14 16 17 22 41 45 46 55 67 69 71 78 87 88 93
6 9 14 30 43 59 60 78 82 84 95
20 73
2 5 7 17 33 39 46 49 52 69 73 76 79 80 83 88 91 93 98 100
47 83 98
35 51 65 68 69 72 83 95 97
2 6 43 60 79 84
13 14 21 28 54 60 69 80 84 87 88 90 92 99 100
2 17 19 23 35 60 69 83 86
26
47 48
2 14 19 28 32 48 52 60 72 74 79 80 81 85 98
8 9 10 21 26 28 63 72 80 97
3 18 20 42 75 83 93
2 5 12 28 29 32 70 88 95
6 48 50 51 55 70 71 81 85 89 91 94 98 99
6 33 78
6 10 13 29 35 36 42 44 54 64 66 67 81 83 85 93 94 96 98 100
6 14 17 19 20 23 26 30 32 33 37 44 54 61 67 72 77 83 84
14 44 54 95
1 5 11 12 16 18 19 43 47 50 51 53 60 64 70 89 91 93
2 5 6 14 19 25 28 29 35 40 47 49 50 52 59 65 92 93 96
2 11 16 30 33 36 42 56 57 59 64 74 79 82 83 85 95 98 99
2 4 5 8 9 14 24 27 28 36 39 41 43 50 58 65 75 85 86 88
7 9 19 20 26 55 61 75
39 47 70 77 94 98 99 100
8 11 21 23 32 34 42 59 67 71 77 78 80 90 98
4 18 38 41 44 65 72 83
12 15 37 55 59 100
34 43 52 65 75 79 86
4 9 13 26 29 30 31 36 49 61 64 69 75 77 84 88 92 96
2 5 21 42 46 57 59 60 97
13 30 32 41 66 70 77 85 98
4 12 13 19 20 27 42 57 68 69 76 79 82 86 87 92
10 13 16 26 28 29 31 53 59 69 71 75 89 100
8 12 15 27 36 37 40 42 44 46 54 63 66 74 81 82 87 88 100
8 11 13 15 51 57
2 3 18 22 45 49 51 65 70 80 85 97 98
7 23 26 28 34 38 45 50 52 63 70 72 79 86
4 6 9 11 30 32 35 46 49 50 57 79 84 85 86 94
18 30 32 40 64 78 81 87 90
1 2 6 21 32 35 37 38 40 45 49 51 56 65 69 70 76 81 96
1 3 5 11 12 16 18 27 28 30 35 42 46 56 73 84 95 98 100
22 24 31 36 38 46 50 55 62 64 71 76 84 92 98
54
8 17
14 28 30 33 34 58 59 60 70 77 81 87 100
3 6 15 21 30 31 38 39 41 48 70 75 78
2 10 11 20 25 37 53 62 65 76 81 93
3 12 32 63
21 29 39 48 60 61 68 69 71 76 93 98 100
11 14 26 29 31 36 54 67 81 86 100
2 8 29 34 38 44 47 60 72 74 76 77 90 97
3 56 76
2 77
85
2 20 21 38 42 48 58 63 65 71 73 78 86 94 100
15 29 33 45 50 53 67 72 74 76 85 96 99
41
6 31
3 11 36 47 56 87 98
3 4 9 18 28 36 39 41 47 53 67 71 73 78 87 94 95 97
30 56
52 66
14 22 24 45 59 79 85
10 24 25 30 35 36 39 54 55 63 66 70 73 74 85 87 100
4 29 83
9 13 15 33 52 69 75 82
3 6 45 78 85
2 4 13 15 27 32 34 35 37 43 44 47 50 63 67 70 74 87 88 89
1 13 18 27 30 32 35 36 40 42 54 58 70 71 72 80 82 88 91
22 32
32 33 34 36 40 42 43 58 71 75 80 86 88
1 5 10 12 15 20 30 32 40 46 53 68 71 75 93
29 39 42 48 62 63 71 73 79 98
2 6 14 21 35 37 41 48 59 64 68 72 74 84 92 98
3 7 13 14 17 27 35 36 45 48 50 52 55 85 91 95 100
2 19 20 23 26 30 37 77 91
19 29 51 80
1 5 23 24 27 29 37 62 71 82
1 5 13 24 27 33 57 62 63 66 69 72 75 81 83 85 95 98
2 3 10 15 16 26 52 70 86 91 93 97
2 29 35 51 53 61 63 88 98
24 46 58 69 86 90
8 13 25 82 91 98 100
49 65
6 9 14 41 56 60 75 78 80
3 4 8 15 16 41 50 55 56 59 62 87 97
9 16 22 36 41 45 54 62 97 98
12 21 28 34 76 79 88 99
23 40
77
4 14 22 26 30 42 44 45 49 54 64 79 85 86 87 92 98
10 14 17 19 36 41 50 67 71 83 88 92
31 47 53 54 65 82
11 22 28 29 35 64 65 68 77
5 8 15 26 49 55 60 77 79
1 90
1 24 31 33 39 40 58 59 65
1 5 6 19 21 28 36 42 44 60 63 73 74 86 87 88 91
7 9 12 21 25 32 35 40 41 42 50 65 67 70 75 85 91 95
2 9 33 45 47 51 59 64 66 68 70 71 73 81 88 97 98
34 38 44 51 52 79 84 86 87 90 92 93 97 100
3 4 8 14 26 33 46 47 48 58 60 62 66 68 71 74 80 82 97
30 40 43 53 59 95
1 10 25 30 32 33 34 35 39 43 48 52 53 64 66 69 77 80 82 100
55
7 33 38 41 55 59 74 77
7 10 37 42 46 82
3 23 26 33 37 38 47 54 55 58 60 61 65 68 70 82 90 99
15 67 82 91
17 52 63 77 99
8 10 24 36 38 44 48 77 94 97
2 8 11 21 40 59 64 73 76 82 86 92
8 23 26 33 34 50 52 57 62 64 67 69 72 78 81 90 93 99
68
50 51 55 65 66 71
71
6 8 13 21 31 45 72 80 83 92
7 24 29 35 60 69 79
2 3 9 13 15 17 25 32 33 43 45 50 51 57 66 76 80 81 87 94
1 6 7 20 23 26 34 37 40 47 48 60 67 68 98
19 20 21 27 28 54 55 58 65 78 85 90 98
17 22 25 46 65 66 73 75 94
15 36 93
9 13 26 34 40 69 77 97
40 47
5 32 33 39 49 70 97 98 100
2 7 10 23 63 94 98 99
16 37 42 49 52 62 97
15 18 41 45 50 80 99
5 6 10 17 25 38 49 55 59 63 67 68 72 74 90 92
38
23 48 98
17 64 79 87 91 93
6 13 19 30 32 33 47 61 63 65 66 72 80 97 100
10 11 15 26 30 44 53 61 68 71 75 97 98 100
84
5 7 13 15 35 44 66 74 79 87
6 14 16 24 31 32 39 46 61 67 69 73 84 85 97
2 20 21 24 27 28 34 36 37 44 48 49 55 64 76 78 83 87 93 97
21 33 35 43 70 81 86 93 99
11 20 75 82
2 3 5 18 20 22 27 34 35 45 46 55 60 66 72 84 85 90 95
10 18 36 52 60 92
3 10 21 29 30 35 41 48 49 54 64 73 83 84 87 91
1 3 7 8 9 15 17 19 70 73 74 89 95 96 99
40
24 25 59
45 57 94 98
4 16 23 26 29 30 76 88 92
11 16 53
37 59
24 26 38
5 34 37 41 42 44 53 59 63 84 86 94 95
9 54
1 10 17 34 40 67 85 86 99
67
8 25 49 87
2 15 20 30 32 41 43 50 58 66 94
8 17 50 51 54 58 81 91 92
20 21 51
25 28 37 60 67 87
2 7 21 22 25 36 38 43 54 57 58 60 63 95
2 10 42 44 47 49 52 64 68 74 78 79 83 84 91
12 32 36 40 43 46 48 54 57 58 61 70 77 78 90
12 27 46 67 90
5 11 12 24 26 40 44 46 54 62 65 69 71 73 78 81 88 94 97 99
4 12 13 40 49 65 78
14 58 59 87 91
7 54 66 83
18 19 27 33 44 48 49 66 72 79 86 100
16 27 38 46 47 53 67 75 76 79 90 94
21 31 51 78
11 37 43 59 63 64 69 70 78 86 91
1 24 89 99 100
30 39 47 70 73 99
8 9 22 36 39 41 45 48 49 68 71 73 75
3 23 67 72 79
7 8 17 29 34 54 55 60 64 77 78 81 82 91 92
2 16 27 30 36 37 43 52 63 65 68 70 80 82 94 97
1 10 15 16 17 20 23 26 29 35 52 55 59 60 76 83 85 87 99
1 9 21 22 28 31 46 49 55 65 71 78 80 85 86 89 92
3 10 11 13 20 28 30 32 33 43 58 65 66 80 84 85 87 89 96
16 17 21 22 27 31 39 40 49 54 55 57 60 61 64 65 66 68 97
51 77 92 94
14 48 73 74
7 12 13 15 19 38 43 53 54 56 62 66 76 77 78 86 95
12 16 26 34 43 52 57 59 60 66 93
1 21 31 32 71 72
13 14 15 16 19 22 33 37 39 41 60 74 78 90
7 8 16 25 27 31 44 52 56 67 72 74
8 9 14 15 16 27 40 43 45 50 55 63 70 73 77 78 80 90 100
1 3 8 11 20 21 25 39 42 60 69 70
20 27 31 42 59 60 61 68 90 91
26 63 73 75
2 24 41 51 75 97 100
34 39 42 44 46 47 53 63 72 79 95
4 7 8 10 22 34 40 58 60 61 64 69 81 87 91 92
3 54 57 62 66
10 15 17 22 26 29 30 32 35 38 51 54 66 67 73 76 87 89 96
4 11 20 22 28 41 42
23 25 38 74 75 77 87
15 29 31 39 58 61 63 65 69 71 87 91 92 98
2 4 6 10 16 36 38 41 47 51 69 72 73 82 93
19 20 25 32 64 77 97
9 14 59
5 9 15 20 23 28 39 44 55 58 61 63 66 77 82 88
21 31 36 41 44 45 57 65 77 92 94
43 77 88
31 64
5 9 13 14 18 25 29 52 54 66 67 69 82 86 93 96 97 98
8 10 14 18 37 57 61 82
9 16 19 23 32 35 36 39 42 50 51 66 67 68 70 79 89 92 98 100
12 25 99
54 61
3 7 12 13 14 22 28 29 31 37 57 59 63 69 72 73 77 82 96
3 18 61 71 76 98
1 25 31 59 96
17 26 38 45 66 72 76 78 92 93 97
4 6 13 18 20 29 52 61 75 76 89
9 16 24 30 32 57 66 72 73 78 79 94
12 47 72
88
4 6 10 12 16 38 39 51 63 79 81 83 84 86 90 95 100
10 12 54 60 65 70
2 10 24 26 36 38 40 73 79 81 82 87 89 98
8 24 30 39 41 46 50 57 64 91
19 32 35 40 48 49 62 68 88
18 37 38 47 49 81
1 7 36 42 52 56 58 59 69 91
2 26 36 54 64 100
52 65
8 23 26 28 31 45 46 53 54 65 67 72 78 86 88 93
5 12 42 68 73 78 80 90 95
3 14 28 30 31 38 39 43 45 49 52 68 71 89 91 94 95 98
13 21 22 25 28 65 67 77 78 82 89 94
3 12 25 30 35 37 41 52 53 56 61 62 63 69 72 78 85 97 99
88
8 9 22 57 69 84 86 91 93 97
8 9 14 17 19 20 22 23 24 33 40 48 50 53 62 70 71 73 88 92
21 34 38 67 78 83 91
2 15 26 38 42 43 53 82 86
49 64 65 71
48 64 88
1 9 10 12 18 29 30 32 39 45 47 48 50 51 73 85 89
8 18 25 37 39 40 41 84 85 86
50 60
10 17 27 32 34 37 44 51 61 65 84 93 95 96 97
3 9 11 13 16 21 25 30 32 46 49 51 53 60 73 74 80 96
13 26 33
8 20 67 73 80
57 63 82
6 8 20 23 24 30 34 53 62 67 71 73 78 81 83 86 88 96 97
2 21 28 35 47 54 62 65 66 84 87 94 100
2 38 45 49 55 71 76 87 88 97
5 7 27 34 37 49 51 53 57 58 62 69 71 76 78 83 85 86 93 98
11 13 17 26 31 34 36 39 46 57 100
1 4 6 13 17 32 35 46 47 51 63 67 76 86 92
3 7 13 40 42 49 52 56 57 66 67 95
4 8 21 22 24 37 44 51 59 74 80 86 93
6 22 24 26 49 64 66 80 95 97
12 30 31 36 45 49 71 73 75 77 97
70
3 4 17 22 23 30 35 53 86 98
4 38 40 42
7 90 99
2 3 5 9 18 23 28 35 46 52 57 67 68 71 75 80 81 88 89
15 20 42 49 75 86 99
1 44 56 87
8 13 30 31 40 43 44 61 85 89 97
1 72 94
2 6 10 24 26 32 49 56 58 61 62 77 99 100
9 20 25 37 49 51 55 56 62 71 76 79 81 92
15
26
1 6 9 15 26 27 32 34 47 49 52 54 58 59 65 80 95 98 100
13 15 24
4 8 14 20 21 25 28 29 31 32 33 35 44 52 57 59 71 75 92 97
10 22 23 35 56 60 64 85 87 99
1 6 11 17 22 27 30 52 65 67 68 70 76 84 85
20 62 68
11 20 30 33 39 42 77 85 86
5 92
11 14 20 21 43 45 49 52 58 64 73 74 76 77 82 85 86 100
14 17 25 56 62 66 84 89
9 35 42 62 71 75 98
3
32 63 81 100
16 67
7 12 31 36 42 46 61 63 75 76 95 99
11
7 15 21 25 28 38 40 54 74 76 82 84 89 91 93 100
18 22 25 34 42 56 62 65 71 76 83 84 96
12 13 19 20 24 51 52 58 61 64 74 76 87 88 92
8 21 23 37 49 55 69 70 81 82 87
1 2 50 64
23 24 40 45 55 58 65 69 73 77 83 85 87 94 96
10 12 18 45 49 54 55 70 72 79 81 92 96 97 98
7 43 51 65 74 83
4 32 33 41 44 48 56 64 68 69 70 71 75 80 97 98
3 8 16 20 24 27 30 41 45 52 61 71 74 78 83 96
5 9 18 37 38 62 67 74 81 84 86 88 93 97 100
10 21 22 28 29 31 34 39 43 46 48 59 68 78 80 82 84 85 86 90
10 12 14 19 45 46 53 61 69 75 79 90 100
6 20 35 41 75 87
39 46 53 63 71
28 31 36 47 60 64 68 70 83 91 92 95
81
16 17 22 26 42 78
2 10 13 17 69
10 11 14 19 22 36 49 50 58 64 67 72 82 88 95 98 99 100
4 5 10 24 56 65 75 83 88 90 91 96
7 31 46 48 60 77 81
16 25 34 44 58 72 80
15 17 18 30 35 39 56 62 67 76 78 86 89
8 31
7 24 28 31 38 40 43 46 51 84 96 99
4 13 35 45 50 66 69 75 83 86 91 94
9 10 15 24 31 34 42 52 64 68 71 93 94
4 8 11 43 54 71 81 87
3 10 19 21 23 24 25 39 41 54 55 74 76 88 94 98
50
7 11 20 23 34 40 49 51 58 60 68 69 80 87 100
4 17 18 20 29 43 45 50 52 53 55 56 57 63 77 78 80 81 89 99
21 28 38 49 64 75 77
28 35 63 64 97
23 30 45 60 76 85
10 11 16 27 29 32 51 55 58 61 68 72 73 81 84 90 91 93
8 12 13 16 17 20 34 39 40 44 49 53 55 58 59 60 72 78 87 98
26 27 31 33 36 40 50 51 54 56 86 87 90 91
1 3 5 7 11 14 15 25 29 30 37 40 49 57 61 65 67 71 96
1 3 7 8 10 30 39 41 46 47 54 67 74 76 82 94
3 6 8 12 24 25 32 34 39 43 46 47 50 75 76 78 80 86 94 98
9 11 19 20 22 23 27 29 32 46 49 52 58 60 69 83 87 88 94 95
5 10 12 17 19 26 32 34 35 44 55 57 69 71 74 76 80 82 87 98
11 18 25 28 60 89
10 29 36 39 43 72
15 19 21 24 26 31 39 51 56 57 63 71 84 87 94 95
2 30 39 44 46 53 57 60 66 67 72 84 90
6 12 17 20 33 37 48 49 55 60 62 65 70 73 83 93 95
5 17 30 34 36 51 56 68 70 77 95
6 9 23 59 61 89
5 17 19 22 26 27 33 41 46 49 52 53 61 71 86 87 89 97
7 22 29 39 55 58 85 100
1 17 22 51 73 82 98
71
7 19 21 23 32 33 34 35 36 45 53 66 69 70 74 76 88 90 97
6 8 14 51
3 15 18 29 32 44 50 65 66 82
61 76 93
1 39 47 51 54 56 68 76 89 96
3 4 44 54 68 83 90 92
7 14 15 24 26 30 37 45 47 48 69 70 77 83 88 89 95
8 10 11 20 31 38 39 40 42 61 67 70 72 73 84 85 93
2 3 9 12 13 17 22 24 29 32 47 69 72 75 79 81 84 95
25 31 34 71 96
19 26 38
8 18 21 22 25 28 33 35 37 40 48 67 81 82 88
16 75
9 10 13 20 22 25 35 41 52 55 61 65 86 89 97
31 33 43 44 45 54 77 80 88 95
4 6 10 11 16 22 35 45 50 55 61 63 66 71 79 86 87 94 98
10 16 19 20 25 31 39 49 57 72 73 76 81 82 91 93 95
16 19 21 26 34 40 57 65 67 68 80 81 82 84 87 92 93 94 96 98
17 32 34 37 40 52 93 94 100
68
27 33 37 48 54
3 15 19 22 24 38 40 42 54 57 59 60 64 69 73 81 83 90 95
40 45 51 52 54 64 76 81
5 15 69 70 81
13
70
2 18 20 23 25 27 29 31 32 38 42 48 49 68 82 87 92 98
1 25 26 35 42 52 62 68 71 72 81 88 98
2 7 8 18 22 26 28 41 45 46 50 54 58 79 93 96
9
7 11 18 37 55 62 81 82 94 95
2 3 4 27 36 54 63 76
2 6 17 19 21 27 40 44 47 54 64 78 81 85 86 93 94 100
42 70 89 95
21 22 23 45 46 54 58 59 61 73 78 83
4 8 11 12 16 23 26 30 37 43 45 57 60 67 76 86
1 10 13 26 38 47 62 72 89 92 94 98 100
8 9 37 48 50 56 59 85 94 98
51 65 74
1 3 4 16 23 26 37 38 48 62 65 68 74 79 91 93
1 11 25 26 28 37 39 48 49 55 58 64 74 81 87 91
4 13 25 27 28 40 47 55 61 62 63 92
9 12 23 24 32 37 68
5
1 6 21 29 42 56 75 83 92
3 16 19 33 36 37 48 51 53 66 80 87 95
16 21 22 60 65 77 86
24 38 45 65 67 85 97
1 4 8 13 15 30 43 44 50 56 64 70 80 81 83 84 92 99
24 33 45 46 57 73
2 3 5 11 14 16 20 21 25 32 38 42 57 62 77 79 80 89 90 97
6 9 43 62 71 74 82 85 90 97 100
1 4 7 11 24 30 35 40 50 56 67 87 90
2 8 9 12 15 19 20 23 24 25 32 34 43 54 69 72 73 86 94 96
21 26 47 51 61 62 94
6 16 37 66 96
1 4 6 9 15 27 39 45 49 52 71 78 83 89
5 13 20 23 27 29 38 55 60 63 64 68 77 83 84 87 96
3 7 27 31 37 39 41 42 52 53 65 72 75 86 90 91 96
15 17 21 22 30 34 38 41 47 49 58 62 68 69 73 76 81 83
16 37 53 54 59 69 87 91 97
22 26 37 49 66 67 98
64
1 14 19 31 36 37 40 46 49 55 59 72 80 91 97 99 100
10 16 30 32 44 58 71 73 89 91 92
7 22 48
3 4 6 14 29 31 32 33 36 47 50 52 53 58 66 78 79 82 94 99
4 8 40 44 55 59 68 71 85
16 26 29 35 48 57 61 72 82 90 91 99
2 6 10 11 16 18 22 48 57 65 71 91 96
18 19 30 38 57 72 92
6 10 15 16 19 30 33 39 44 49 51 53 54 61 75 78 88 90 92 94
1 2 6 7 16 23 26 28 30 40 43 44 46 56 61 72 85 87 90 99
1 20 42 55 70 83 87 98 99 100
5 14 36
18 20 31 46 50 52 58 62 85 89 93
4 7 11 47 57 58 59 63 65 66 67 72 74 82 85 92 96
10 98
12 92
5 6 17 22 23 29 36 38 45 50 57 63 65 68 73 76 87
2 7 22 37 38 41 55 60 67 70 73 75 77 84 89 95 96 97 98
2 7 8 15 28 44 57 64 77
26
16 27 49 69
6 9 14 16 18 20 37 48 50 52 67 73 74 79 91 93
2 13 35 37 63 67
2 10 16 21 29 34 42 51 56 58 60 76 81 84 91 92
6 19 75 91 97
12 14 31 39 41 54 66 75 76 77 85 98
6 8 9 12 14 15 20 27 29 32 37 39 44 46 50 62 70 72
26 33 40 46 80 81 85 92
2 4 12 18 20 21 31 66 70 72 73 77 78 85 95
34 35 48
1 5 9 17 18 20 33 48 56 58 60 62 64 67 70 78 81 90 92 96
2 4 8 23 26 41 49 50 54 60 61 63 66 68 70 83 91 96 98
1 3 20 22 24 34 36 57 65 68 96
13
5 6 11 43 56 77 83 95
4 28 31 38 46 47 50 54 65 72 78 85 88
3 5 24 43 66 77 85 87 88
2 8 15 16 18 26 37 46 49 61 73 76 77 84 96
2 6 21 30 33 47 70 75 92
1 4 5 21 34 45 46 60 61 62 67 73 74 78 79 91 96 99
20 24 45 88
1 16 18 23 35 36 37 38 42 61 65 66 83 95 98 100
3 7 11 15 18 31 32 38 48 51 67 71 81 84 86 93 97 99
13 18 20 31 33 44 69 75 79 81 84 90 99
3 15 28 40 42 54 97
4 22 25 26 34 35 39 40 41 45 56 74 85 92
10 14 32 33 47 61 70 98 99
59
14 28 29 30 41 42 57 60 64 79 82 85 97
1 4 10 15 16 30 31 46 57 59 70 71 75 90 94 95
21 46 78 80 88
45 56 62 68 87 92
1 4 9 12 14 19 35 50 65 68 78 92 96 100
2 3 25 26 30 33 34 48 52 53 59 60 67 71 73 76 81 89 97
5 19 23 30 37 44 48 49 53 56 59 62 86
18 19 25 26 55 69 87
7 14 21 23 27 29 37 40 56 86 94
1 6 10 43 50 52 54 62 63 68 70 85 92 94 96
3 7 14 17 18 19 31 35 40 51 52 55 56 59 64 72 88 97
19 24 30 35 36 44 65 70 80 84 85 94
8 24 28 33 59 67 78 79 80 81 82 83 92
2 10 34 58 61 85 100
16 55 63 70 93 94
6 75 85
15 21 27 33 42 62 72 90 91 96
6 8 30 98
2 23 39 48 73
22 26 28 30 37 38 40 47 48 50 53 64 65 69 77 78 80 90
5 6 8 18 23 24 29 46 55 59 61 67 71 72 77 82 87 90 98
4 16 25 26 34 42 66 74 75 81 86 91
7 22 32 42 62 63 67 77 84 90
9 10 61 80 82 87 92 94
31 37 51 82 93
16 89 92
8 38 45 59 84 88
12 14 28 36 83
2 7 17 27 31 64 73 77 94 98 100
63
14 41
3 24 28 30 36 44 50 54 59 61 71 76 84 87 88 89 93 94
35 37 42 72 74 98
4 17 30 33 35 37 56 57 60 62 66 68 70 72 79 80 85 86 91 94
25 28 67 88
1 9 16 19 25 26 31 41 49 52 53 55 58 67 73 76 78 87 92 100
45 51 63 91
18 44 46 51 68 76 80 86 90
8
8 11 15 23 25 29 31 65 73 93
1 8 12 15 21 27 28 29 36 45 46 53 59 63 66 74 83 90 98 99
5 8 18 23 25 35 40 45 51
9 29 37 44 48 51 60 72 75 86 92 95 96
4 22 25 26 32 40 47 49 51 56 60 65 68 77 92 97
2 27 37 45 46 49 50 55 77 78 83
10 12 23 31 48 49 79 96
8 10 16 34 41 71 95
55
7 9 10 17 19 21 24 25 27 31 35 38 40 54 67 82 85 88
27 28 34 35 39 48 55 59 61 71 73 75 77 78 79 81 85 89 97
23 95
4 5 10 11 14 17 19 22 24 25 28 30 40 50 58 67 69 92
4 9 12 15 21 22 29 30 32 40 41 43 50 60 67 74 78 83
36 39 54 59 82 93 95 99 100
30 59
49 62
2 6 18 20 22 23 33 36 65 68 69 71 74 81 83 93 98
1 2 3 24 37 50 55 79 86
4 34 49 59 60 93 95 98
9 37 50 52 75 87 90
15 17 24 48 57 62 70 78 86 99
2 7 27 29 30 44 48 58 61 62 69 70 71
6 8 18 19 25 34 39 41 49 53 73 76 79 86 95 96 98 100
2 16 21 24 35 37 57 70 83 88
12 16 28 58 83
8 12 27 43 45 64 67 68 71 73 95
6 17 39 42 50 63 64 68 76 77 82 92 98 100
4 11 21 27 42 45 48 61 80 81 83 86 96
3 22 23 31 32 39 40 74 81 90 98
4 6 16 18 20 55 75 99
5 15 18 28 31 34 36 39 43 48 49 51 72 73 81 83 90 100
2 4 23 29 31 36 57 63 68 73 75 85
6 9 14 18 19 25 29 30 42 53 58 60 61 66 72 74 91 98
13 20 23 44 55 61 62 70 72 73 79 88 91 98
20 44 56 58 67 70 82 87
12 19 21 24 29 43 56 60 63 76 83 93 96 98
1 4 44 48 63 80 93
1 3 17 34 37 40 43 47 53 83 88
21 23
10 23 27 31 36 51 70 78 81 96
21 41 45 52 53 95
1 5 7 9 21 23 28 42 44 61 64 67 70 72 78 79 87 93 100
4 32 33 43 45 46 77 95
4 7 17 23 30 45 47 50 60 61 78 93 98 100
3 6 8 12 14 18 22 23 46 51 52 56 74
12 14 23 26 46 49 54 57 63 84 86 88 92
6 19 32 42 46 67 72 73 82
9 14 19 41 44 55
10 27 31 41 49 53 56 63 74 91
9 11 23 27 45 59 61 64 76 84 86 87 90 97
5 16 17 18 24 36 40 46 57 65 66 69 75 80 82 83 85 89 93 97
11 39 81
2 17 28 40 45 46 52 55 60 73 93 96
97
1 6 10 11 15 17 18 26 45 46 57 65 69 72 73 74 77 82 91
34 44 67 69 87
14 64 75
2 3 6 11 17 25 26 27 35 46 59 70 73 75 80 82 83 90 93
1 11 23 37 44 48 53 57 61 62 70 77 81 84 87 98
5 7 11 16 23 34 44 48 50 53 63 68 73 77 79 81 84 87 91
14 33 36 51 60 73 75 77
2 4 11 18 22 29 32 37 38 42 45 49 50 53 58 76 80 86 98
39 42 43 48 53 57 60 65 66 72 81
13 19 28 61 66 72 83 98
2 3 12 19 31 47 74 84
13 19 21 34 36 57 60 62 63 67 72 92 93
30 44 50 89
6 27 31 34 40 45 46 48 51 52 63 74 77 79 82 85 86 87 90
79
9 14 78
41 49 81 88
8 31 34 36 37 49 54 59 61 66 82 92 94 95 97 98 100
7 13 32 40 54 55 57 61 62 73 77 78 85 93
3 4 30 45 47 51 60 63 93 98
24 29 31 44 45 52 59 64 70 74 75 78 79 84 99
3 36 43 64 81 98 99
4 6 9 21 32 40 44 50 52 58 71 72 81 82 91 97
40 43
7 20 25 50 65 70 72
3 4 5 17 30 48 53 61 66 67 73 75 76 90 94
14 21 27 29 58 64 71 73 83 96 97
10 16 20 32 36 43 44 48 57 72 91 95
2 4 18 24 29 30 39 46 53 60 65 67 71 77 85 96 98
4 9 20 36 41 45 54 65 69 74 90 96
3 5 6 11 13 15 16 17 24 34 51 55 67 76 83 86 91 96 97
1 3 11 20 28 31 35 70 78 81 83 85 93
14 23 30 32 45 51 58 89 91 98
9 48
2 4 14 15 17 20 24 28 42 44 57 59 68 73 74 75 81 86 89 97
1 8 11 16 19 27 32 34 35 47 57 58 63 65 77 79 81 84 85
21 29 33 36 38 49 50 51 59 63 64 67 75 82
5 22 29 32 37 46 50 51 58 63 66 72 79 95
3 48 56 84 91 98
24 42 69 86 92 99
37 41 51 66
10 19 23 62 74 96 98
3 32 40 42 62 63 65 72 83 85 90 94
7 15 37 54 82 88
1 12 21 30 32 36 49 56 57 60 66 68 83 92 94
8
3 5 9 19 26 46 55 62 64 73 76 79 82 89 91 93 96 97 98
24 38 63
4 14 22 27 31 34 39 41 50 66 67 70 73 82 87
2 9 27 32 39 41 48 49 55 67 74 79 100
23 26 29
28 32 37 39 52 53 57 70 74 76 90 98 100
7 17 24 26 31 35 44 50 57 59 67 70 79 80 81 92
4 29 31 38 39 44 62 72 84 89 93 95 100
61
39 42 54 59 69 79
7 28 42 49 52 53 58 64 73 78 80 83 89
9 15 18 24 38 51 56 64 67 72 82 84 87
5 21 24 47 50 64 67 72 84 85 91 95
40 96
42 86 90
13 29 37 41 50 62 67 72 79
13 84 87 89
2 7 9 17 20 36 46 55 63 75 80 82 94
30 46 54 65 84 99
1 7 8 20 22 27 28 30 34 49 51 52 61 78 83 88 89 91 95
2 9 10 14 28 36 50 57 61 63 64 74 75 78 80 83 86 98
17 21 23 24 28 34 37 55 63 73 76 79 92 94 97
17 18 33 56 63 69
11 13 14 18 23 25 28 31 34 40 47 53 60 70 74 86 90 96 98 99
15 19 37 39 43 55 70 73 88 91
4 12 30 32 44 55 65 71 72 86 88 89 100
13 43 51
9 22 27 31 55 63 64 74 75 78 86 98
4 5 7 14 18 29 37 57 61 62 76 84 86 88 94 98
3 10 12 18 21 22 37 49 53 61 71 87 93
21 38 57 73 93 97 99
3 5 31 39 43 47 52 90
6 10 12 16 19 27 36 54 72 83 86 96
3 8 10 12 17 19 24 25 27 44 50 67 74 77 79 85 86 91
7 9 25 27 31 38 43 44 48 67 69 94 100
29 44 75 98
4 6 16 20 38 55 79 90 94
19 40 79 80 93
8 9 22 39 42 49 51 66 67 69 71 73 74 82 97
3 10 38 49 53 55 79 85 95
21 22 30 33 38 39 46 67 72 86 93 94
7 8 49 72 85
2 10 12 17 18 21 28 34 35 44 51 59 60 62 71 80 85 88 89 97
8 20 25 27 28 31 42 47 48 55 61 65 76 91
92 95
3 13 66 69 90 94
4 36 37 40 43 59 75 76 79
4 8 22 30 32 35 39 40 44 45 49 53 56 63 69 70 74 82 87 98
38 56
4 12 14 16 25 32 40 52 54 55 58 60 62 71 82 84 85 90 95 98
11 14 15 19 21 23 33 35 40 49 50 53 54 62 79 88 97 99
12 17 23 27 38 58 81 82 86 91 93 94 100
37 40 46 70 80 87 95 97 98
6 16 23 26 32 37 43 45 46 55 58 67 73 74 75 86 87 91 95 98
12 86
2 15 36 85 88
7 8 9 10 17 22 30 32 37 41 48 68 73 82 87 97 99
37 39
2 9 21 35 56 59 63 68 76 78 82 94 96
2 22 27 30 42 47 49 54 55 65 80 98 100
8 14 15 17 28 31 37 48 55 60 68 70 71 74 77 80 91 93 95
1 7 8 9 10 12 15 31 38 46 68 75 81 84 98 100
3 20 32 37 42 72 78 86 94
11
51 55
1 4 9 19 23 48 49 55 57 58 62 63 91 98
6 22 35 41 43 55 58 73 79 84 86
4 15 46 56 62 81
8 15 24 31 34 47 48 60 64 69 70 82
6 14 16 17 20 25 27 29 36 42 50 59 66 68 73 77 81 82 92
3 42 51 58 61 65 72 75 86 88 98
1 3 7 15 17 28 69 81 84 90 99
6 22 24 28 57 65 69 71 83 88 89 90 98
6 18 20 23 34 48 55 56 68 86 87 90 93 97
13 14 34 51
8 12 40 45 56 61 78 85
11 12 26 33 40 42 43 63 65 68 73 78 89 96
5 8 17 52 65 97
52 86
27 37 47 52 55 61 73 77 87
1 10 11 12 14 38 43 68 69 73 81 93
4 11 12 56 62 63 68 71 81 84
20 57 65 90 98
3 16 25 28 31 36 43 47 60 61 71 89 95 97
50
3 4 7 20 21 25 32 43 46 52 54 58 72 74 88 99 100
8 11 13 23 38 42 43 52 61 64 71 74 77 86 91 98 100
8 9 17 19 20 38 39 49 50 54 61 62 63 74 88 90 92 98 100
8 17 27 34 35 41 61 71 79 83 89 95
3 16 18 29 42 54 60 64 67 68 77 85
17 20 25 32 34 45 46 47 57 60 66 71 79 87 88 90 91 92 98
11 13 26 28 30 32 51 53 59 63 69 77 92
6 8 28 29 30 34 47 49 53 58 62 63 73 75 76 85 87 92 94 97
2 7 17 19 65 87 93 100
2 3 9 37 53 61 66 80 91 95 96 99 100
7 8 24 26 41 44 75 94
3 11 15 33 34 38 46 48 55 62 77 80 84 94
3 51
1 13 16 26 40 49 58 63 67 68 73 81 85 88 93
1 4 8 13 31 35 42 48 53 61 71 72 74 78 89 91
13 15 19 20 22 25 31 32 39 47 48 60 65 74 76 84 91 97
3 11 25 47 52 62 70 97
22 57 85
15 20 22 27 28 32 39 48 51 54 66 67 68 74 77 79
2 4 12 15 18 22 23 36 39 54 55 68 69 76 90 94 98
27 33 38 43 53 56 61 89
4 15 40 59 61 62 73 74 84 90
4 9 14 15 34 36 39 71 75 88 90
20 22 36 41 54 56 58 63 79 92 94 95
5 24 25 30 45 52 66 67 78 80 82 83 89
4 7 22 25 27 30 32 35 37 43 54 57 59 62 64 85 86 88 90 94
20 41 53 62 65 72 100
14 20 24 25 37 44 67 68 72 74 83 100
12 36 59 71 83
6 13 15 17 24 27 37 41 48 55 58 83 85 88 90 100
1 14 17 24 31 46 47 70 74 80 86 95
1 7 13 18 24 25 39 48 49 58 69 76 79 80 89 99
12 16 21 22 30 34 37 40 45 48 49 51 52 71 73 77 79 86 93 96
10
4 5 16 46 52 54 62 76 78
6 7 9 20 39 40 51
1 3 6 8 12 28 42 54 58 62 67 87 96
27 29 43 48 55 65 76 83
1 5 9 13 37 68 91 92 94 95
13 97
3 39
23 86
14 19 53 58 66 78 88 93 98
6 8 10 17 28 39 41 42 45 53 56 67 68 72 73 74 78 85 87 92
14 15 23 56 58 59 62 70 72 81 89
1 3 16 18 19 20 32 37 43 47 57 74 75 76 87 89
6 9 11 13 42 60 63 69 73 80 87
4 7 11 33 36 41 45 51 53 57 60 61 63 66 88 96 98
3 39 58 69 74 87
4 5 9 10 19 22 53 60 69 81 88 93 99
4 6 16 29 31 32 40 42 44 62 70 79 94 96 99
1 15 16 32 34 47 52 56 72 88 91 100
39 80
21 34 45 63 76 77 81 85 96
75
4 7 12 28 33 35 36 38 39 42 46 58 61 77 80 83 88 91 92 95
9 11 16
75 76 87
3 26 28 32 51 61 66 74
6 19 59
49 71 76 94
14 17 19 25 30 44 50 58 76 78 79 85 86 89 99
4 13 31 32 43 45 52 55 57 61 64 66 70 84 87 89 96 97
16 35 37 38 53 56 72 73 93
17 42 54 58 59 66 74 78 84 90
14 16 35 53 60 73 80 81 97
5 6 12 37 61 67 89 92 97
5 10 19 24 32 33 40 50 56 77 85 92 94
16 22 34 77 84 100
1 4 18 24 27 35 45 49 55 67 69 80 86 91 96
20 21 22 33 36 44 65 66 74 76 85 87 93 94
3 4 8 11 26 28 35 36 40 44 52 57 59 69 78 82 92 93 98
3 18 26 33 41 44 69 76
4 5 10 14 17 18 24 34 37 49 52 53 72 75 85 94 95 99
3 14 27 48 73 84 88
8 33 67 70 77 82 88
10 13 31 37 39 42 50 54 76 81 84 88 93 94 99
1 2 8 40 43 51 59 66 80 92 94 99
9 15 20 22 30 36 49 61 64 67 70 79 81 87 93 98
14 30 45 48 49 71 80 92 93 94
38 41 84 99
10 51 59 88
10 18 19 24 48 59 60 61 71 72 96
4 5 7 13 28 32 37 46 65 69 80 89 96
11 12 25 31 37 68 74 84 87
18 21 41 54 59 63 65 90 93 98
1 3 8 9 23 32 38 42 43 50 60 76 80 85 97
5 27 42 59 68 81 89 97 100
1 3 4 11 23 27 42 46 51 57 60 68 71 77 81
3 12 13 16 21 25 26 27 29 38 39 71 78 86 87 99 100
23 48 51 65 72 74 77 85 87
10 13 19 34 46 48 60 81 83 84 91 94 96 98 99
4 9 10 13 47 49 55 57 65 72 73 77 82 85 86 97 98 99 100
7 11 13 15 21 25 29 36 59 64 70 76 81 90 91
1 8 20 25 37 42 50 52 55 56 61 79 87 96 97 100
17 43 70 74 91 93 98
1 4 8 15 18 19 20 34 47 48 51 58 62 86 89 97
1 9 11 14 30 40 42 43 46 58 60 64 70 74 76 94 95 99
5 9 12 21 23 25 26 31 36 38 45 55 56 57 79 80 88 91 99 100
24 28 51 60 69 75 77 82 83
16 29 41 49 57 62 63 71 74 78 81 86 87 90 93 94 98 99 100
6 24 46 61 62 65 66 67 76 100
47 96
18 19 23 33 34 35 46 51
3 20 49 53 70 77
1 4 7 8 10 11 15 24 26 28 31 38 51 55 62 73 76 79 84
1 4 11 12 14 27 28 31 33 34 36 39 63 64 80 86 100
10 17 27 36 40 44 50 57 62 64 66 69 70 80 82 92 93 94 99
9 17 22 23 31 33 35 40 44 45 50 54 55 60 62 66 78 83 99 100
64
7
1 4 6 13 36 41 59 63 64 70 75 79 87 90 97 99
63 82
25 50 77 83 99
6 15 23 39 51 70
12 43 49 61 63 66 73 75 81 84 86 91 100
8 10 16 28 40 45 52 54 72 74 75 78 96 98
26 27 37 59 64 78
5 49 96
3 14 19 41 59 60 66 85 86 89 91 93
2 8 29 32 39 40 42 69 70 80 85 91 99
4 15 19 23 45 53 57 62 80 92 100
20 27 40 90
1 11 23 36 45 55 62 63 77 79 80 83 88
3 7 13 30 37 45 46 48 65 70 71 79 94 100
3 7 12 20 22 31 36 39 42 45 52 55 66 72 76 89 94 96
27 36 38 54 56 73 75 76 95
61